Date,Cash Inflows,Cash Outflows,Balance
2025-01-07,15000,12000,30000
2025-01-14,14000,15000,29000
2025-01-21,16000,13000,32000
2025-01-28,17000,14000,35000
2025-02-04,12000,15000,32000
2025-02-11,13000,16000,29000
2025-02-18,11000,17000,25000
2025-02-25,14000,15000,24000
2025-03-04,16000,12000,28000
2025-03-11,15000,13000,30000
2025-03-18,17000,12500,34500
2025-03-25,18000,14000,38500